312
3252
2 5 1 5 6 4 
1 2 1 2 1 1 
550000
36
0
0
NEXT
312
2654
1 2 3 5 4 6
2 2 1 2 1 2
3200000
22
1
1
NEXT
18262
282
31 12 25 
3 4 4 
746000
21
0
0
NEXT
18363
376
31 12 
3 10 
840000
21
0
0
NEXT
18363
432
25 43 
4 50 
232000
0
0
0
NEXT
23270
270
92 93 91 70 79 
5 4 8 3 1 
328000
10
0
0
NEXT
31764
764
92 93 91 43 55 
3 1 8 1 4 
1248000
30
0
0
NEXT
29462
462
92 93 
52 62 
2156000
10
0
0
NEXT
31637
967
75 70 53 
2 3 9 
291000
10
0
0
NEXT
9387
387
70 79 71 
5 3 0 
68000
0
0
0
NEXT
22698
698
70 74 75 71 58 60 
4 3 2 3 4 3 
385000
10
1
1
NEXT
2553
553
70 71 43 42 
3 9 2 5 
2307000
30
0
1
NEXT
